0.7633
0.6762
0.3268
0.6152
0.1728
0.2592
0.3888
0.42965
0.9101
0.7714
0.2196
0.9544
0.6816
0.77074
0.98007
0.74198
0.98172
0.26008
0.66512
0.84768
0.17152
0.85728
0.18592
0.37888
0.96832
0.99532
0.53048
0.57072
0.20608
0.70912
0.66368
0.39552
0.19328
0.68992
0.63488
0.35232
0.62848
0.34272
0.61408
0.82112
0.83168
0.14752
0.32128
0.88192
0.92288
0.78432
0.27648
0.81472
0.82208
0.13312
0.79968
0.94818
0.72852
0.75528
0.15792
0.58688
0.28032
0.24868
0.70202
0.43428
0.36392
0.27088
0.71861
0.64354
0.63927
0.73078
0.46492
0.98488
0.25232
0.22848
0.74272
0.21408
0.22112
0.43168
0.54752
0.92128
0.28192
0.52288
0.18432
0.87648
0.21472
0.42208
0.53312
0.39968
0.49952
0.84928
0.67392
0.61088
0.81632
0.32448
0.88672
0.43008
0.13568
0.60352
0.50528
0.65792
0.58688
0.28032
0.41592
0.59888
0.59355
0.3747
0.6558
0.9212
0.2568
0.6352
0.4528
0.1792
0.2688
0.4032
0.6048
0.9072
0.8608
0.2912
0.4368
0.1552
0.7328
0.41916
0.61624
0.49936
0.79904
0.89856
0.14784
0.42176
0.43264
0.84896
0.57344
0.82741
0.80674
0.31636
0.33704
0.83056
0.79584
0.89376
0.64064
0.16096
0.54144
0.33605
0.5197
0.1858
0.3412
0.1368
0.9552
0.9328
0.8992
0.3488
0.5232
0.2848
0.4272
0.1408
0.2112
0.3168
0.4752
0.2128
0.8192
0.2288
0.8432
0.7648
0.1472
0.2208
0.3312
0.9968
0.9952
0.4928
0.7392
0.1088
0.1632
0.2448
0.8672
0.3008
0.4512
0.6768
0.5152
0.7728
0.6592
0.9888
0.4832
0.7248
0.5872
0.3808
0.5712
0.3568
0.21899
0.76286
0.53804
0.94456
0.59184
0.83776
0.38245
0.37917
0.99999
0.99686
0.61594
0.40516
0.22024
0.15536
0.78304
0.87456
0.61184
0.11776
0.63985
0.27305
0.46465
0.43545
0.29585
0.60105
0.12865
0.26745
0.71185
0.80905
0.23265
0.81945
0.48785
0.69705
0.17665
0.29145
0.22385
0.16175
0.62775
0.48575
0.24746
0.45498
0.40874
0.93562
0.84906
0.75578
0.55914
0.7786
0.7018
0.6634
0.6442
0.6346
0.6298
0.1274
0.8762
0.2506
0.4378
0.75936
0.67968
0.73984
0.56992
0.38496
0.49248
0.14624
0.77312
0.98656
0.79328
0.29664
0.84832
0.52416
0.72765
0.75445
0.14285
0.71205
0.87165
0.82645
0.67885
0.48005
0.25565
0.36097
0.98361
0.86993
0.28809
0.17217
0.88921
0.32273
0.74234
0.35242
0.30746
0.23498
0.54874
0.75562
0.50906
0.33578
0.77532
0.67516
0.32508
0.75004
0.76252
0.66876
0.32188
0.74844
0.26172
0.91836
0.44668
0.81084
0.79292
0.18396
0.57948
0.37724
0.36841
0.31233
0.75929
0.65777
0.88201
0.76202
0.51226
0.33738
0.59994
0.78122
0.52186
0.34218
0.10234
0.60211
0.46043
0.11459
0.86667
0.26771
0.79323
0.28099
0.94987
0.30931
0.81403
0.79139
0.70507
0.68691
0.43597
0.45861
0.54493
0.56309
0.24717
0.36421
0.99773
0.28949
0.61037
0.92445
0.35285
0.44205
0.36165
0.19645
0.48885
0.83333
0.83229
0.50677
0.61901
0.75013
0.79069
0.48597
0.10861
0.99493
0.41309
0.29717
0.52454
0.18102
0.65926
0.34838
0.76909
0.72517
0.97821
0.17973
0.25549
0.96837
0.41035
0.43955
0.57915
0.27395
0.74635
0.60755
0.16315
0.48061
0.43093
0.88109
0.78117
0.50621
0.44373
0.88749
0.78437
0.50781
0.94453
0.63789
0.65957
0.44541
0.41333
0.37229
0.52677
0.87901
0.13013
0.73069
0.70597
0.96861
0.17493
0.75309
0.71717
0.47421
0.42773
0.87949
0.28037
0.75581
0.56853
0.94989
0.31557
0.77341
0.68195
0.45035
0.95955
0.33915
0.15395
0.18635
0.32755
0.52315
0.7633
0.6762
0.3268
0.6152
0.1728
0.2592
0.3888
0.21693
0.11602
0.43028
0.10792
0.88688
0.48032
0.82048
0.63072
0.44964
0.18696
0.70544
0.50816
0.56224
0.54336
0.61504
0.12256
0.48384
0.92576
0.68864
0.23296
0.14944
0.92416
0.18624
0.47936
0.51904
0.97856
0.26784
0.10176
0.95264
0.12896
0.49344
0.94016
0.21024
0.91602
0.63028
0.90792
0.49032
0.96048
0.59072
0.48608
0.62912
0.54368
0.71552
0.67328
0.40992
0.71488
0.47232
0.30848
0.86272
0.89408
0.74112
0.71168
0.46752
0.80128
0.60192
0.55915
0.5731
0.9534
0.3676
0.4264
0.8896
0.3344
0.86401
0.29914
0.92996
0.75782
0.95548
0.58993
0.23802
0.73828
0.81992
0.45488
0.83232
0.34848
0.42272
0.73408
0.50112
0.35168
0.42752
0.24128
0.76192
0.24288
0.26432
0.99648
0.89472
0.94208
0.81312
0.31968
0.37952
0.16928
0.15392
0.33088
0.89632
0.44448
0.56672
0.95008
0.32512
0.11155
0.77344
0.86016
0.16231
0.96534
0.11676
0.66264
0.7604
0.7656
0.3984
0.96651
0.48414
0.17585
0.2169
0.1066
0.4724
